input/GreatBarrier/Landscape_data/nlm_colonised_time.asc
NCOLS 800
NROWS 800
XLLCORNER 1797000.0
YLLCORNER 5972000.0
CELLSIZE 50.0
NODATA_VALUE -9999.0
[rows 117 to 155 of 800, columns 261 to 347 of 800]
-9999 -9999 -9999 -9999 -9999 -9999 -9999 -9999 -9999 -9999 -9999 -9999 -9999 -9999 -9999 -9999 -9999 -9999 -9999 11 11 11 11 11 11 11 11 11 -9999 -9999 -9999 -9999 -9999 -9999 -9999 -9999 -9999 -9999 -9999 -9999 -9999 -9999 -9999 -9999 -9999 -9999 -9999 -9999 -9999 -9999 -9999 -9999 -9999 -9999 -9999 -9999 11 11 11 11 11 11 11 11 11 11 11 11 11 11 11 11 0 11 11 11 11 11 11 11 11 11 11 11 11 11 11
-9999 -9999 -9999 -9999 -9999 -9999 -9999 -9999 -9999 -9999 -9999 -9999 -9999 -9999 -9999 -9999 -9999 -9999 0 11 11 11 11 11 11 11 11 11 0 -9999 -9999 -9999 -9999 -9999 -9999 -9999 -9999 -9999 -9999 -9999 -9999 -9999 -9999 -9999 -9999 -9999 -9999 -9999 -9999 11 11 11 -9999 -9999 -9999 2 0 11 11 11 11 11 11 11 11 0 11 11 11 11 11 11 11 11 11 11 11 11 11 11 11 11 11 11 11 0 11
-9999 -9999 -9999 -9999 -9999 -9999 -9999 -9999 -9999 -9999 -9999 -9999 -9999 -9999 -9999 -9999 -9999 -9999 11 11 11 11 11 11 11 11 11 11 11 -9999 -9999 -9999 -9999 -9999 -9999 -9999 -9999 -9999 -9999 -9999 -9999 -9999 -9999 -9999 -9999 -9999 -9999 11 0 11 11 11 11 11 11 0 11 11 11 11 11 11 11 11 11 0 11 11 0 11 11 11 11 11 11 11 11 11 11 0 11 11 11 0 0 0 0
-9999 -9999 -9999 -9999 -9999 -9999 -9999 -9999 -9999 -9999 -9999 -9999 -9999 -9999 -9999 -9999 -9999 11 11 11 11 11 11 11 11 11 11 11 11 -9999 -9999 -9999 -9999 -9999 -9999 -9999 -9999 -9999 -9999 -9999 -9999 -9999 -9999 -9999 -9999 0 0 11 5 11 11 11 11 11 11 11 11 11 11 11 11 11 11 11 11 11 11 11 11 11 11 11 11 11 11 11 11 11 11 11 11 11 0 0 3 5 0
-9999 -9999 -9999 -9999 -9999 -9999 -9999 -9999 -9999 -9999 -9999 -9999 -9999 -9999 -9999 -9999 11 11 11 11 11 11 11 11 11 11 11 11 11 11 11 -9999 -9999 -9999 -9999 -9999 -9999 -9999 -9999 -9999 -9999 -9999 -9999 -9999 -9999 19 11 11 11 11 0 11 11 11 11 11 11 11 11 11 11 11 11 11 11 11 0 11 11 0 11 11 11 11 11 11 11 11 11 11 11 0 0 2 0 0 32
-9999 -9999 -9999 -9999 -9999 -9999 -9999 -9999 -9999 -9999 -9999 -9999 -9999 -9999 -9999 -9999 11 11 11 11 11 11 11 11 11 11 11 11 11 11 11 11 -9999 -9999 -9999 -9999 -9999 -9999 -9999 -9999 -9999 -9999 0 9 0 0 0 11 0 0 11 11 11 11 11 11 11 11 11 11 11 11 11 0 11 11 11 11 11 11 11 11 11 11 11 11 0 11 11 11 11 0 14 0 0 0 0
-9999 -9999 -9999 -9999 -9999 -9999 -9999 -9999 -9999 -9999 -9999 -9999 -9999 -9999 -9999 -9999 11 11 11 11 11 11 11 11 11 11 11 11 11 11 11 0 11 -9999 -9999 -9999 -9999 -9999 -9999 0 0 11 11 0 0 0 0 0 0 0 0 11 0 0 11 11 11 11 11 11 11 11 11 0 11 0 11 11 0 11 0 11 11 11 11 11 11 11 11 11 11 11 0 0 0 0 0
-9999 -9999 -9999 -9999 -9999 -9999 -9999 -9999 -9999 -9999 -9999 -9999 -9999 -9999 -9999 11 11 11 0 11 11 11 11 11 11 0 11 11 11 11 11 11 11 11 11 0 11 0 11 11 11 11 11 11 11 11 11 11 0 0 0 11 11 11 11 11 11 11 11 11 11 11 11 11 11 0 11 11 0 0 11 11 11 11 11 11 11 11 11 11 0 11 11 0 10 0 12
-9999 -9999 -9999 -9999 -9999 -9999 -9999 -9999 -9999 -9999 -9999 -9999 -9999 -9999 -9999 11 11 11 11 11 11 11 11 11 11 11 11 11 11 11 11 11 11 11 11 11 11 0 11 0 11 11 11 11 11 11 11 11 11 11 0 11 0 11 0 11 11 11 0 11 11 11 11 11 0 0 11 11 11 11 11 11 11 11 11 11 11 11 11 11 0 11 0 38 0 0 0
-9999 -9999 -9999 -9999 -9999 -9999 -9999 -9999 -9999 -9999 -9999 -9999 -9999 -9999 -9999 11 11 11 11 11 11 11 11 11 0 0 0 11 11 11 11 11 11 11 11 11 11 11 11 11 11 11 11 11 0 15 0 0 0 11 0 0 34 0 11 11 11 0 11 11 15 11 0 0 1 0 11 11 11 11 11 11 11 11 11 11 11 11 11 11 0 10 26 2 14 8 11
-9999 -9999 -9999 -9999 -9999 -9999 -9999 -9999 -9999 -9999 -9999 -9999 -9999 -9999 -9999 11 11 11 11 11 11 0 11 11 11 11 11 11 11 11 11 11 11 11 11 11 11 11 11 11 11 11 11 11 11 11 11 0 11 11 11 11 0 0 0 11 11 13 0 11 11 11 11 0 0 11 11 11 11 11 11 11 11 11 11 11 11 0 0 11 11 0 0 1 5 0 11
-9999 -9999 -9999 -9999 -9999 -9999 -9999 -9999 -9999 -9999 -9999 -9999 -9999 -9999 -9999 -9999 11 11 11 11 11 11 11 11 11 11 11 11 11 11 0 11 11 11 11 11 11 11 11 11 11 11 11 11 11 11 11 0 11 11 11 11 11 0 6 0 11 2 11 11 11 11 11 11 11 11 11 11 11 11 11 11 11 11 0 11 0 11 11 11 0 0 0 1 0 0 11
-9999 -9999 -9999 -9999 -9999 -9999 -9999 -9999 -9999 -9999 -9999 -9999 -9999 -9999 -9999 -9999 11 11 11 11 11 11 11 11 11 11 11 11 11 11 11 11 11 11 11 11 11 11 11 11 11 11 11 11 11 11 11 0 0 11 11 11 11 11 0 5 18 0 0 0 11 11 11 11 11 11 11 11 0 11 11 11 11 11 11 0 0 0 11 11 11 0 11 0 0 11 11
-9999 -9999 -9999 -9999 -9999 -9999 -9999 -9999 -9999 -9999 -9999 -9999 -9999 -9999 -9999 -9999 11 11 11 11 11 11 11 11 11 11 11 11 11 11 11 11 11 11 11 11 11 11 11 11 11 11 11 11 11 11 11 0 0 0 11 11 0 31 31 31 0 0 12 12 0 11 11 11 11 11 11 11 0 0 11 11 11 11 11 11 11 11 11 11 11 11 11 11 11 0 11
-9999 -9999 -9999 -9999 -9999 -9999 -9999 -9999 -9999 -9999 -9999 -9999 -9999 11 11 11 11 11 11 11 11 11 11 11 11 11 11 11 11 11 11 11 11 11 11 11 11 11 11 11 11 11 11 11 11 11 11 0 0 11 11 0 0 0 0 0 0 9 4 2 0 11 11 11 11 11 11 11 11 11 11 11 11 11 11 11 11 11 11 11 11 0 11 0 11 11 11
-9999 -9999 -9999 -9999 -9999 -9999 -9999 -9999 -9999 -9999 -9999 11 11 11 11 11 11 11 11 11 11 11 11 11 11 11 11 11 11 11 11 11 11 11 11 11 11 11 11 11 11 11 11 11 11 11 11 11 0 0 7 0 0 11 11 0 0 8 0 0 0 11 11 11 11 0 11 11 11 11 11 11 0 11 11 11 11 11 0 0 11 0 11 11 11 11 11
-9999 -9999 -9999 -9999 -9999 -9999 -9999 -9999 -9999 -9999 -9999 11 11 0 0 11 11 11 11 11 11 11 11 11 11 0 11 11 11 11 11 11 11 11 11 11 11 0 11 11 11 11 11 11 11 11 0 11 11 11 11 0 11 11 11 0 11 0 0 0 11 11 11 11 11 11 0 0 11 0 11 0 11 11 11 11 11 11 11 11 0 2 0 0 11 11 11
-9999 -9999 -9999 -9999 -9999 -9999 -9999 -9999 -9999 -9999 -9999 0 11 11 11 11 11 11 11 11 11 11 11 11 0 11 11 0 0 11 11 11 11 11 11 11 11 0 11 11 11 11 11 11 11 11 11 11 11 11 11 11 11 11 0 11 0 0 0 11 11 11 11 11 11 11 11 11 11 11 0 11 0 11 0 0 0 11 11 11 2 0 31 11 11 11 11
-9999 -9999 -9999 -9999 -9999 -9999 -9999 -9999 -9999 -9999 -9999 6 0 11 11 11 11 11 11 11 11 11 11 11 0 0 11 11 11 11 11 11 11 11 11 0 0 11 11 0 11 11 11 11 11 11 11 11 11 11 11 11 11 11 11 11 11 11 6 11 11 11 11 11 0 11 11 11 11 11 11 11 11 0 0 11 11 11 11 11 0 0 18 11 11 0 11
-9999 -9999 -9999 -9999 -9999 -9999 -9999 -9999 -9999 -9999 -9999 -9999 -9999 -9999 -9999 -9999 -9999 -9999 -9999 11 11 11 11 11 11 11 11 11 11 11 11 11 11 11 11 0 7 0 0 0 0 11 11 11 11 11 11 11 11 11 11 11 11 11 11 11 11 11 11 11 11 11 11 11 0 11 11 11 11 11 0 0 11 11 11 11 11 0 11 0 9 9 0 11 11 0 11
-9999 -9999 -9999 -9999 -9999 -9999 -9999 -9999 -9999 -9999 -9999 -9999 -9999 -9999 -9999 -9999 -9999 -9999 -9999 11 11 11 11 11 11 11 11 11 11 11 11 11 11 11 11 11 0 0 0 11 11 11 11 11 11 11 11 11 11 0 0 0 11 11 11 0 11 11 11 11 11 11 11 0 11 11 11 11 11 0 11 0 0 0 11 0 0 11 11 17 0 1 0 19 11 0 11
-9999 -9999 -9999 -9999 -9999 -9999 -9999 -9999 -9999 -9999 -9999 -9999 -9999 -9999 -9999 -9999 -9999 -9999 -9999 11 11 11 11 11 11 11 11 11 11 11 11 11 11 11 0 11 11 0 11 11 11 0 11 11 0 11 11 0 0 0 5 0 11 11 11 11 11 11 11 11 11 11 11 11 11 11 11 11 11 11 11 0 0 11 11 0 11 11 11 17 10 8 8 0 0 4 11
-9999 -9999 -9999 -9999 -9999 -9999 -9999 -9999 -9999 -9999 -9999 -9999 -9999 -9999 -9999 -9999 -9999 -9999 -9999 -9999 11 11 11 11 11 11 11 11 11 11 11 11 11 0 11 11 11 11 11 11 11 11 11 27 0 0 0 3 0 2 0 11 11 11 11 11 11 11 11 11 11 11 0 11 0 11 11 11 11 11 11 11 11 11 11 0 0 0 11 0 10 0 0 4 12 0 11
-9999 -9999 -9999 -9999 -9999 -9999 -9999 -9999 -9999 -9999 -9999 -9999 -9999 -9999 -9999 -9999 -9999 -9999 -9999 -9999 11 -9999 -9999 -9999 -9999 11 11 11 11 11 11 11 11 11 0 0 0 0 11 0 0 11 0 4 7 7 4 3 0 0 15 11 11 11 11 11 11 11 0 0 11 11 11 11 0 11 11 11 11 0 11 0 0 11 11 11 11 0 11 11 0 2 0 0 12 4 0
-9999 -9999 -9999 -9999 -9999 -9999 -9999 -9999 -9999 -9999 -9999 -9999 -9999 -9999 -9999 -9999 -9999 -9999 -9999 -9999 -9999 -9999 -9999 -9999 -9999 11 0 11 11 11 11 11 11 11 11 11 0 11 0 0 0 0 0 7 7 7 0 8 0 19 0 0 11 0 11 11 11 11 11 11 0 0 0 0 11 11 0 11 11 11 11 11 11 0 11 11 11 9 9 0 3 0 27 27 12 0 0
-9999 -9999 -9999 -9999 -9999 -9999 -9999 -9999 -9999 -9999 -9999 -9999 -9999 -9999 -9999 -9999 -9999 -9999 -9999 -9999 -9999 -9999 -9999 -9999 -9999 -9999 0 11 11 11 11 11 0 11 11 11 11 0 2 2 0 2 2 29 29 17 2 9 0 11 11 11 11 0 0 11 11 11 11 11 0 0 7 7 0 0 11 11 11 11 11 11 11 11 11 11 11 9 9 0 0 27 27 0 0 0 0
-9999 -9999 -9999 -9999 -9999 -9999 -9999 -9999 -9999 -9999 -9999 -9999 -9999 -9999 -9999 -9999 -9999 -9999 -9999 -9999 -9999 -9999 -9999 0 11 11 11 11 11 11 11 0 0 11 11 11 0 0 2 3 0 16 0 1 0 17 0 11 11 11 0 11 11 11 11 11 11 11 11 11 0 0 0 0 11 11 0 11 11 0 0 0 11 11 11 11 10 19 0 14 0 27 1 6 10 0 0
-9999 -9999 -9999 -9999 -9999 -9999 -9999 -9999 -9999 -9999 -9999 -9999 -9999 -9999 -9999 -9999 -9999 -9999 -9999 -9999 -9999 -9999 11 11 11 11 11 11 11 11 11 11 11 11 11 11 0 0 0 0 0 9 0 11 26 0 11 11 11 11 0 11 11 11 11 11 11 11 11 0 0 11 11 11 11 11 11 11 11 11 11 11 11 11 0 11 19 19 14 22 0 0 4 0 0 2 0
-9999 -9999 -9999 -9999 -9999 -9999 -9999 -9999 -9999 -9999 -9999 -9999 -9999 -9999 -9999 -9999 -9999 -9999 -9999 -9999 0 11 11 11 11 11 11 11 11 11 11 11 11 11 11 11 11 0 0 33 0 1 8 11 11 0 11 0 11 0 11 11 0 11 11 11 11 11 11 11 11 0 0 26 0 0 11 0 11 11 0 0 11 0 11 11 0 0 5 0 9 9 0 7 0 2 2
-9999 -9999 -9999 -9999 -9999 -9999 -9999 -9999 -9999 -9999 -9999 -9999 -9999 -9999 -9999 -9999 -9999 -9999 -9999 -9999 0 11 11 0 0 11 11 11 0 11 11 11 0 11 0 11 0 4 0 33 5 0 10 11 11 0 4 4 0 8 0 11 11 11 11 11 11 11 11 11 11 11 11 11 11 11 11 0 0 11 11 0 11 11 0 0 21 0 0 9 9 10 5 0 2 2 2
-9999 -9999 -9999 -9999 -9999 -9999 -9999 -9999 -9999 -9999 -9999 -9999 -9999 -9999 -9999 -9999 -9999 -9999 -9999 -9999 0 11 11 11 11 11 11 11 0 11 11 0 11 11 11 11 0 0 19 19 5 17 8 0 0 8 8 0 0 0 11 11 11 11 11 11 11 11 11 0 11 11 11 11 0 11 11 0 2 0 11 11 11 0 13 0 0 0 9 9 9 12 0 0 0 2 2
-9999 -9999 -9999 -9999 -9999 -9999 -9999 -9999 -9999 -9999 -9999 -9999 -9999 -9999 -9999 -9999 -9999 -9999 -9999 -9999 11 11 11 11 11 11 0 11 0 11 0 0 11 0 11 11 11 11 19 1 0 17 17 0 0 17 17 0 9 9 0 11 11 0 0 0 11 11 0 11 11 11 0 0 0 0 11 11 0 11 11 11 0 0 13 0 0 29 0 9 9 0 19 19 19 2 2
-9999 -9999 -9999 -9999 -9999 -9999 -9999 -9999 -9999 -9999 -9999 -9999 -9999 -9999 -9999 -9999 -9999 -9999 -9999 -9999 -9999 11 11 11 11 11 11 11 11 0 0 0 0 0 11 11 11 0 0 0 19 0 17 17 6 17 0 0 0 11 0 0 11 11 0 0 11 0 0 0 0 11 11 11 0 0 11 11 11 11 11 11 0 13 0 1 1 10 10 9 5 5 0 19 0 0 0
-9999 -9999 -9999 -9999 -9999 -9999 -9999 -9999 -9999 -9999 -9999 -9999 -9999 -9999 -9999 -9999 -9999 -9999 -9999 -9999 -9999 -9999 11 11 11 11 11 11 11 0 14 17 0 11 11 11 11 11 11 25 15 18 0 15 17 17 0 13 13 7 0 0 0 0 10 10 0 0 0 8 0 0 11 11 11 11 11 0 0 11 11 11 11 0 9 9 13 0 25 0 0 5 0 0 0 0 0
-9999 -9999 -9999 -9999 -9999 -9999 -9999 -9999 -9999 -9999 -9999 -9999 -9999 -9999 -9999 -9999 -9999 -9999 -9999 -9999 -9999 -9999 -9999 11 11 11 11 11 11 11 0 0 11 11 11 4 0 2 2 25 25 13 3 9 17 0 0 13 0 7 28 10 10 10 10 21 0 0 0 0 20 0 11 11 0 11 11 0 0 28 7 0 0 10 0 9 9 0 0 4 2 34 12 37 0 3 0
-9999 -9999 -9999 -9999 -9999 -9999 -9999 -9999 -9999 -9999 -9999 -9999 -9999 -9999 -9999 -9999 -9999 -9999 -9999 -9999 -9999 -9999 -9999 -9999 11 11 11 11 11 11 11 0 11 11 0 4 0 2 7 0 25 0 3 9 0 21 21 0 8 18 28 10 24 0 0 0 1 0 0 0 0 11 11 11 11 4 11 11 28 28 28 28 0 0 0 0 0 9 9 13 12 0 0 37 37 0 0
-9999 -9999 -9999 -9999 -9999 -9999 -9999 -9999 -9999 -9999 -9999 -9999 -9999 -9999 -9999 -9999 -9999 -9999 -9999 -9999 -9999 -9999 -9999 -9999 11 11 0 11 11 9 0 11 11 11 11 4 0 2 0 11 9 9 9 9 16 16 0 0 0 2 0 10 24 10 0 10 0 0 0 0 0 0 0 11 11 0 11 0 0 28 0 28 9 9 0 0 9 9 9 9 17 37 37 37 0 0 10
-9999 -9999 -9999 -9999 -9999 -9999 -9999 -9999 -9999 -9999 -9999 -9999 -9999 -9999 -9999 -9999 -9999 -9999 -9999 -9999 -9999 -9999 -9999 -9999 11 11 0 0 11 11 11 0 11 11 0 7 0 2 2 2 16 16 22 9 0 21 0 0 0 2 12 7 0 0 10 10 10 10 0 13 0 14 14 0 11 11 11 11 0 0 0 0 9 9 9 9 9 9 0 9 0 6 6 6 6 0 0
-9999 -9999 -9999 -9999 -9999 -9999 -9999 -9999 -9999 -9999 -9999 -9999 -9999 -9999 -9999 -9999 -9999 -9999 -9999 -9999 -9999 -9999 -9999 -9999 11 11 0 10 0 11 11 11 11 11 0 1 0 0 0 7 0 9 0 16 28 0 0 15 13 0 0 11 11 0 0 23 0 10 0 0 0 0 0 11 11 11 11 11 0 0 0 2 0 9 9 9 9 0 1 0 0 0 0 4 6 0 5
