input/GreatBarrier/Landscape_data/nlm_colonised_time.asc
NCOLS 800
NROWS 800
XLLCORNER 1797000.0
YLLCORNER 5972000.0
CELLSIZE 50.0
NODATA_VALUE -9999.0
[rows 507 to 545 of 800, columns 435 to 521 of 800]
0 0 17 0 7 11 11 7 0 0 6 12 0 0 14 14 14 0 14 14 14 14 0 14 14 14 0 14 0 0 0 8 0 0 2 12 0 4 9 8 0 0 7 0 11 11 7 0 3 3 13 24 0 3 3 0 4 0 6 38 0 14 0 0 0 6 0 2 0 2 2 0 0 0 0 0 0 9 -9999 -9999 -9999 -9999 -9999 -9999 -9999 -9999 -9999
0 0 0 0 0 0 0 7 0 0 0 14 14 14 14 14 14 14 14 14 0 14 14 14 14 0 0 0 2 0 2 0 14 14 6 0 5 0 9 9 9 15 0 0 11 0 0 10 3 0 0 24 3 3 0 0 9 13 6 6 0 0 3 0 0 0 0 2 2 2 0 14 10 10 10 0 0 9 -9999 -9999 -9999 -9999 -9999 -9999 -9999 -9999 -9999
0 0 0 0 0 0 0 0 4 4 0 0 14 14 14 14 14 14 0 14 14 14 14 14 0 14 14 0 2 2 2 0 0 0 3 6 0 4 4 0 0 0 0 0 8 0 12 0 0 0 12 9 0 3 3 3 0 0 12 12 0 2 0 10 10 7 1 0 0 0 28 0 10 10 0 0 16 0 -9999 -9999 -9999 -9999 -9999 -9999 -9999 -9999 -9999
3 0 0 0 0 4 0 0 0 0 0 14 14 14 14 14 14 14 14 14 14 0 14 14 14 14 0 13 2 2 2 0 8 8 0 0 12 0 11 10 10 0 0 0 0 0 15 0 0 7 10 0 3 3 3 0 0 0 12 0 32 1 10 0 10 0 0 5 29 0 6 0 0 0 0 0 16 0 -9999 -9999 -9999 -9999 -9999 -9999 -9999 -9999 -9999
0 16 0 0 0 0 0 0 0 0 0 0 14 0 14 14 0 0 14 14 14 0 0 19 0 20 0 0 2 2 0 8 8 0 11 0 0 0 11 8 16 0 0 0 8 8 0 7 7 7 0 29 0 0 3 0 1 0 0 0 0 1 0 10 10 10 10 0 0 0 0 10 10 10 0 0 10 0 -9999 -9999 -9999 -9999 -9999 -9999 -9999 -9999 -9999
7 10 8 0 0 0 0 0 5 0 0 0 0 14 14 14 0 0 0 14 14 14 0 0 22 0 19 1 0 0 8 8 8 0 0 8 0 8 8 8 1 0 0 4 4 0 0 7 7 7 0 29 29 3 3 0 1 1 1 0 3 0 32 0 10 10 10 0 10 10 10 10 10 10 0 0 10 10 0 -9999 -9999 -9999 -9999 -9999 -9999 -9999 -9999
0 0 0 0 0 0 0 1 13 13 0 0 0 14 14 14 0 0 14 14 14 2 13 7 0 0 0 0 0 8 8 8 0 2 2 0 8 8 8 8 1 8 0 11 0 0 16 0 7 7 7 29 0 38 38 38 0 0 0 4 0 14 0 0 10 10 10 0 0 10 10 10 10 10 10 10 10 10 0 -9999 -9999 -9999 -9999 -9999 -9999 -9999 -9999
3 17 12 0 0 0 15 1 3 11 24 24 0 14 14 0 0 0 28 0 14 0 2 0 19 0 0 0 0 0 0 0 2 2 0 1 0 0 0 8 8 8 8 0 0 7 7 7 7 0 7 7 7 7 0 17 36 0 10 0 19 0 10 10 10 10 10 0 0 10 10 10 10 10 10 10 10 10 10 -9999 -9999 -9999 -9999 -9999 -9999 -9999 -9999
0 0 0 0 14 35 0 10 10 10 0 24 18 14 14 7 7 0 0 14 14 10 2 0 37 37 0 0 0 0 0 0 2 2 2 0 12 0 0 8 0 8 0 10 0 0 7 7 7 0 7 7 0 0 10 0 0 0 10 10 10 0 10 0 10 0 10 10 10 10 10 10 10 10 10 0 10 10 10 -9999 -9999 -9999 -9999 -9999 -9999 -9999 -9999
14 12 0 9 0 5 27 0 0 10 0 24 17 31 14 14 14 0 0 14 14 10 2 0 0 0 3 0 11 0 30 0 0 2 2 0 0 18 0 0 8 8 8 0 0 7 7 0 7 0 0 0 0 10 10 10 10 10 10 0 10 10 10 0 0 10 10 10 10 10 10 10 10 10 10 10 10 10 10 -9999 -9999 -9999 -9999 -9999 -9999 -9999 -9999
0 12 0 17 4 0 0 0 12 6 0 0 18 14 13 14 0 0 14 14 0 0 0 2 5 3 0 22 0 14 30 11 0 0 2 2 0 12 0 0 8 8 0 7 7 7 7 7 0 10 10 10 0 10 10 10 10 10 10 10 10 10 10 0 0 10 10 10 10 10 10 10 10 10 10 10 10 10 10 -9999 -9999 -9999 -9999 -9999 -9999 -9999 -9999
14 12 14 4 4 0 18 0 4 0 0 3 3 7 7 7 14 0 0 17 3 0 2 14 0 12 17 22 22 16 30 17 17 2 2 0 0 0 0 0 8 0 0 7 0 7 7 0 10 10 0 10 10 10 10 10 10 10 10 10 10 0 10 0 10 10 10 10 0 10 10 10 10 10 10 10 10 10 10 -9999 -9999 -9999 -9999 -9999 -9999 -9999 -9999
0 23 0 4 0 1 0 21 6 6 0 14 0 0 7 7 0 1 1 15 0 5 0 14 0 0 0 22 0 16 30 17 7 2 2 12 0 0 1 0 0 0 7 7 0 7 7 7 0 33 0 0 0 10 10 10 10 10 10 10 10 10 10 0 10 0 9 10 10 10 10 10 10 10 10 10 10 10 10 -9999 -9999 -9999 -9999 -9999 -9999 -9999 -9999
39 18 22 0 0 0 0 0 0 0 14 14 14 0 0 7 14 13 1 0 15 5 0 0 24 24 5 5 8 0 16 0 12 12 2 0 29 29 29 7 0 0 7 7 0 7 7 7 0 0 10 10 0 10 10 10 10 10 10 10 0 10 10 10 10 0 10 10 10 10 10 10 10 10 10 10 10 10 10 -9999 -9999 -9999 -9999 -9999 -9999 -9999 -9999
39 7 22 17 0 0 0 0 14 7 18 18 0 0 1 7 14 14 14 10 15 13 7 0 0 0 5 5 0 3 38 38 0 0 32 32 16 16 8 24 9 9 0 13 11 7 7 0 5 0 0 6 11 10 0 0 0 10 10 0 10 10 10 10 0 4 16 10 10 10 10 0 10 0 10 10 10 10 10 -9999 -9999 -9999 -9999 -9999 -9999 -9999 -9999
39 39 19 19 19 0 0 14 14 7 18 0 0 0 7 7 14 14 10 10 10 13 1 0 0 0 0 38 5 10 0 0 32 32 32 0 0 9 12 24 0 6 0 0 0 0 0 0 5 0 2 0 28 10 0 0 10 15 10 10 10 7 10 10 10 0 10 10 10 10 0 0 10 0 10 10 10 10 0 -9999 -9999 -9999 -9999 -9999 -9999 -9999 -9999
39 0 0 0 0 17 25 0 18 7 18 0 0 18 0 0 0 10 0 10 18 2 4 0 10 10 0 38 0 0 0 0 32 0 0 39 11 0 12 12 19 0 0 12 12 0 1 0 0 10 0 31 8 0 0 0 10 10 10 0 0 0 31 0 0 0 10 10 10 10 10 0 0 14 0 10 10 10 10 10 -9999 -9999 -9999 -9999 -9999 -9999 -9999
12 26 26 0 0 25 25 18 0 0 0 8 8 0 7 7 0 0 0 10 0 2 0 0 16 0 16 0 1 32 0 36 17 13 0 39 39 12 12 12 17 16 6 12 13 0 0 0 0 22 0 31 31 11 10 10 10 10 10 10 10 0 0 0 35 35 10 0 10 0 0 10 1 1 14 0 10 10 10 10 -9999 -9999 -9999 -9999 -9999 -9999 -9999
7 5 0 3 0 0 0 8 0 8 8 8 8 17 0 0 9 10 7 10 0 0 0 14 14 24 19 19 19 0 15 5 0 0 0 39 13 0 0 0 17 17 0 12 0 0 29 0 0 8 3 3 31 4 2 10 10 10 10 10 10 10 0 7 0 35 12 10 10 10 12 10 1 0 0 0 10 10 10 10 -9999 -9999 -9999 -9999 -9999 -9999 -9999
7 23 0 17 0 24 0 0 0 0 0 8 8 8 8 2 0 10 0 10 0 0 0 36 36 8 19 30 30 30 10 30 0 10 10 14 13 13 13 7 17 19 0 2 26 0 29 12 12 32 0 31 31 2 0 10 0 0 10 0 10 10 0 7 0 35 10 10 0 10 10 10 1 0 10 10 0 10 10 10 10 -9999 -9999 -9999 -9999 -9999 -9999
4 14 0 0 20 0 0 0 7 0 9 0 8 8 0 0 10 13 0 8 26 0 0 8 15 8 8 8 2 30 30 30 0 4 0 6 7 11 0 16 17 19 15 16 14 0 0 0 4 0 5 31 31 0 0 0 3 0 10 0 7 10 10 8 0 10 10 10 0 10 10 10 0 0 10 10 10 10 10 10 10 10 -9999 -9999 -9999 -9999 -9999
4 4 4 0 16 0 11 10 0 0 9 0 0 8 8 8 0 0 28 8 0 11 0 0 8 8 0 8 0 0 0 0 0 0 8 6 0 11 0 0 14 0 0 15 0 10 0 4 4 12 16 16 8 0 38 0 0 10 10 10 0 10 10 8 13 0 10 10 10 10 0 19 10 0 10 10 10 10 10 10 10 10 -9999 -9999 -9999 -9999 -9999
4 4 0 0 0 0 5 5 0 39 9 5 9 1 0 8 8 0 8 8 8 8 8 8 0 8 0 12 0 11 11 0 18 0 8 0 2 2 0 0 6 4 0 10 0 10 4 4 0 14 16 16 38 38 38 0 0 10 10 0 10 10 12 3 0 0 10 10 10 0 0 10 10 0 10 10 10 10 10 10 10 10 10 -9999 -9999 -9999 -9999
4 0 34 34 0 0 13 13 13 0 9 9 9 9 12 0 8 8 8 8 0 0 8 8 8 8 0 0 0 11 0 16 6 6 0 3 0 2 2 6 6 0 10 3 0 0 0 0 0 0 16 0 0 0 8 0 10 0 10 10 10 0 0 14 0 10 10 10 0 0 10 10 0 0 0 10 10 10 10 10 10 10 10 -9999 -9999 -9999 -9999
0 0 0 0 18 15 0 13 0 2 0 9 0 35 0 0 8 8 8 0 8 8 8 8 8 0 0 8 8 0 0 16 6 0 0 0 18 0 2 0 0 0 4 2 0 2 0 27 27 0 0 0 10 0 3 10 10 10 10 10 10 0 0 0 10 0 0 10 10 10 10 10 10 10 10 10 10 10 10 10 10 10 10 -9999 -9999 -9999 -9999
8 19 19 8 8 0 2 0 0 0 0 0 17 0 0 8 8 8 8 8 8 8 8 8 8 8 0 8 8 8 0 0 0 0 0 16 0 6 0 0 0 9 4 0 0 2 2 27 2 0 11 11 32 10 10 10 10 10 10 10 10 0 10 10 10 10 10 10 10 10 0 10 10 10 10 10 10 10 10 10 10 10 10 10 -9999 -9999 -9999
0 0 8 8 0 15 8 8 0 0 16 5 0 4 1 1 8 0 0 0 8 8 8 8 8 8 8 8 8 8 8 8 8 0 0 0 0 0 0 0 3 27 0 0 10 0 0 0 8 0 10 10 10 10 10 10 10 10 10 10 10 0 10 10 10 10 10 10 0 10 10 10 10 10 10 10 10 0 10 10 10 10 10 10 10 0 -9999
10 8 8 0 15 0 0 8 8 0 0 0 4 4 0 0 0 12 8 8 8 8 8 8 8 8 0 8 8 8 8 8 8 0 7 0 2 0 0 18 5 13 0 0 10 10 10 10 10 0 33 13 10 3 10 10 10 10 10 10 10 10 10 10 10 10 10 0 10 10 10 10 10 10 10 10 10 10 10 10 10 10 10 10 10 10 -9999
10 10 8 0 9 0 8 8 0 4 4 4 4 0 0 11 12 19 8 8 8 8 8 8 8 8 0 8 8 8 8 8 0 9 4 16 0 0 9 0 0 6 0 10 10 10 0 0 10 10 0 26 10 10 10 10 10 10 10 0 10 10 0 10 10 0 0 0 10 0 0 10 10 10 10 10 10 10 10 10 10 0 0 10 10 10 -9999
10 0 0 12 0 6 38 0 0 0 4 4 4 0 1 11 19 19 8 8 8 8 8 8 8 8 0 8 8 8 8 8 0 9 0 16 0 8 8 0 7 6 0 0 10 10 0 10 0 19 10 0 10 10 10 10 10 10 10 10 10 10 10 10 10 10 10 10 10 10 10 0 10 10 10 0 10 10 12 0 0 0 10 10 0 0 -9999
0 16 0 6 6 0 38 0 0 4 4 0 0 0 0 0 19 19 0 8 8 8 8 8 8 0 8 8 8 8 8 8 0 9 0 9 9 0 0 0 6 6 12 0 0 10 10 10 10 0 10 10 10 10 10 10 10 10 10 10 10 0 0 10 10 10 10 10 10 10 10 10 0 10 10 10 10 10 10 10 0 0 0 0 0 10 10
0 8 0 0 38 38 38 38 8 4 0 5 0 6 6 6 0 4 14 0 0 8 8 8 8 0 0 0 8 8 8 8 0 9 9 9 0 0 14 0 0 6 6 0 0 10 10 10 10 10 10 10 10 10 10 10 10 10 10 10 10 0 10 10 10 10 0 0 10 10 0 0 0 0 10 10 0 0 10 10 10 10 0 0 10 10 0
32 32 0 0 0 0 0 0 8 4 0 0 0 6 6 6 0 0 14 0 8 8 8 8 8 0 0 0 8 8 8 0 7 0 0 9 9 0 0 0 15 6 0 0 10 10 10 10 10 10 10 10 10 10 10 10 10 10 10 10 10 10 0 10 10 10 10 10 10 0 10 0 0 0 10 10 10 0 10 10 10 10 10 10 0 0 1
13 0 0 39 0 17 17 17 0 28 28 6 6 6 0 6 0 8 0 9 9 8 8 8 8 8 8 8 5 8 0 6 30 30 0 12 9 9 0 0 0 0 0 10 10 0 10 10 10 10 10 10 10 10 10 10 10 10 10 10 10 10 0 0 10 10 10 10 10 10 10 10 0 10 10 10 10 0 0 0 0 0 0 0 0 0 0
13 6 0 39 0 4 4 17 0 28 28 0 6 0 13 0 8 8 0 8 8 8 8 0 8 8 8 8 28 0 4 0 30 0 0 12 0 0 0 0 27 0 0 10 10 10 10 10 10 10 10 10 10 10 10 10 10 10 10 10 10 10 10 10 10 10 10 10 10 0 0 10 10 10 10 10 10 10 10 10 10 10 0 12 0 14 0
26 6 0 8 0 12 0 17 0 0 28 28 28 0 0 8 8 8 8 8 0 0 8 8 8 8 8 8 28 28 28 0 30 0 23 3 3 3 0 27 27 27 0 0 10 10 10 0 10 0 0 10 10 10 10 10 10 10 10 10 10 0 10 10 10 10 10 10 10 10 0 10 10 0 10 0 10 10 10 10 10 10 0 12 0 0 12
0 0 16 0 0 12 12 0 0 0 28 28 0 0 0 0 0 0 8 8 8 8 0 0 2 0 0 28 28 28 28 28 14 0 0 3 3 0 12 2 3 13 13 0 10 10 10 10 10 10 10 10 10 10 10 10 10 10 10 10 10 10 10 10 10 10 10 10 10 10 10 10 10 10 10 0 10 10 10 10 10 10 1 1 0 25 25
0 28 16 16 0 6 12 0 0 14 0 0 8 8 15 9 0 8 8 12 8 3 12 12 2 2 2 28 28 28 0 28 0 9 3 5 3 0 12 12 0 13 13 2 10 10 10 0 10 10 10 10 10 10 10 10 10 10 0 10 10 10 10 10 10 10 10 10 10 10 10 10 10 10 10 10 10 10 10 10 10 10 10 0 24 0 0
14 28 0 0 16 0 12 8 0 14 10 10 15 15 15 9 15 0 0 7 17 31 1 1 0 11 11 0 28 0 34 15 0 3 3 3 3 3 1 12 0 34 0 0 0 4 10 10 10 10 10 10 10 10 10 10 10 10 10 10 10 10 0 10 10 10 10 10 10 10 10 10 10 10 10 10 10 10 10 10 10 10 10 10 0 8 0
