input/GreatBarrier/Landscape_data/nlm_colonised_time.asc
NCOLS 800
NROWS 800
XLLCORNER 1797000.0
YLLCORNER 5972000.0
CELLSIZE 50.0
NODATA_VALUE -9999.0
[rows 546 to 584 of 800, columns 435 to 521 of 800]
14 28 0 0 5 5 5 0 12 0 0 0 25 25 8 0 0 0 7 0 15 31 31 0 11 11 11 0 9 15 0 26 13 11 0 11 0 3 3 5 24 0 0 36 36 10 10 10 0 10 10 10 10 10 0 10 10 10 10 0 10 10 0 10 10 10 10 10 10 10 10 10 10 10 0 10 0 0 10 10 10 0 10 10 0 0 0
0 3 3 0 0 6 0 0 1 0 0 10 19 0 0 10 10 17 0 8 0 0 0 0 1 11 10 10 0 2 27 0 27 0 0 0 3 3 11 5 24 24 12 0 0 2 2 13 10 10 10 10 10 0 10 10 10 10 10 10 10 10 10 10 10 10 10 10 10 10 10 0 10 0 10 0 0 10 10 0 0 18 10 0 14 0 5
3 3 3 3 0 0 10 0 1 0 13 0 20 20 20 10 0 6 0 7 1 10 19 0 0 10 0 10 10 10 27 27 27 0 12 0 0 0 11 16 2 24 24 0 0 0 2 13 0 10 10 10 10 0 0 10 10 10 10 10 10 10 10 10 10 10 10 0 10 10 10 0 10 10 10 0 10 0 0 0 36 0 0 0 14 14 16
3 3 3 3 0 13 0 0 0 0 38 0 20 13 13 10 0 20 0 1 1 10 0 19 0 10 10 10 10 0 27 15 27 4 0 0 11 0 0 0 5 0 24 0 0 0 0 13 0 10 10 0 0 0 10 10 10 10 10 10 10 10 10 0 10 10 10 10 10 0 0 13 0 0 10 0 10 0 4 5 5 5 0 4 0 0 0
3 0 0 -9999 -9999 -9999 1 0 1 1 10 0 13 11 13 0 3 20 19 1 0 0 30 10 10 10 10 0 10 10 10 10 0 12 5 0 0 0 14 0 0 0 1 1 10 10 10 0 0 10 10 0 0 0 0 10 10 10 10 10 10 10 0 10 0 10 10 0 10 10 10 2 0 10 0 5 13 5 5 5 0 0 4 4 0 5 5
3 5 -9999 -9999 -9999 -9999 -9999 0 0 34 10 0 13 13 13 3 0 0 14 14 0 0 0 13 0 10 10 10 10 10 0 10 10 0 0 0 0 0 0 13 12 28 28 0 0 0 10 10 10 10 10 10 10 10 10 10 10 10 10 10 10 10 10 10 10 10 10 0 10 0 6 0 0 17 5 5 5 5 5 0 5 5 0 0 0 5 5
-9999 -9999 -9999 -9999 -9999 -9999 -9999 -9999 34 34 0 0 0 0 0 35 3 15 0 11 0 14 14 14 13 0 10 10 10 0 10 0 10 10 10 10 10 0 14 0 0 0 0 27 0 0 10 10 10 10 10 10 10 10 10 10 10 10 10 10 10 10 10 10 10 0 10 10 0 39 0 0 28 17 5 5 5 5 5 5 5 5 5 15 13 17 0
-9999 -9999 -9999 -9999 -9999 -9999 -9999 -9999 13 0 13 0 10 5 0 35 3 15 15 15 13 14 13 0 0 36 0 10 0 0 0 10 10 10 10 10 10 0 14 0 0 0 19 0 10 0 10 10 10 10 10 10 10 10 10 10 10 10 10 10 10 10 10 10 0 10 10 0 0 0 0 18 18 0 5 5 5 5 5 5 0 0 5 5 0 0 0
-9999 -9999 -9999 -9999 -9999 -9999 -9999 -9999 12 39 39 39 39 1 0 35 0 13 13 13 13 13 0 0 10 7 0 10 37 0 10 10 10 10 10 10 10 10 0 0 0 12 10 10 10 10 10 10 10 10 10 10 10 10 10 10 10 10 10 10 10 10 10 10 10 0 10 0 0 0 18 0 27 27 5 5 5 5 5 0 1 8 0 0 0 32 0
-9999 -9999 -9999 -9999 -9999 -9999 -9999 -9999 0 0 0 12 12 12 35 35 35 0 0 19 13 33 0 0 10 9 10 10 0 0 0 0 10 10 10 10 10 10 10 10 0 10 10 10 10 10 10 10 10 10 10 10 10 10 10 10 10 10 10 10 10 10 10 10 0 0 0 11 2 4 0 0 0 5 0 5 5 5 5 5 8 0 0 5 9 0 0
-9999 -9999 -9999 -9999 -9999 -9999 -9999 -9999 3 5 5 15 27 0 0 35 14 0 19 0 13 14 0 1 0 0 10 0 10 10 10 10 10 10 10 10 10 10 10 10 0 10 10 10 10 10 10 10 10 10 10 10 10 10 10 10 10 10 0 0 0 10 10 10 10 1 0 11 11 0 3 24 5 5 0 5 5 5 5 0 0 0 0 5 5 0 5
-9999 -9999 -9999 -9999 -9999 -9999 -9999 -9999 9 5 5 0 11 35 35 35 0 30 30 0 0 0 0 0 10 10 10 10 10 10 10 10 10 10 10 10 10 10 10 0 0 10 10 10 10 10 10 10 10 10 10 10 10 10 10 10 10 10 10 10 0 10 10 10 10 8 0 0 11 11 0 0 0 5 5 5 5 5 0 0 10 0 0 5 5 5 5
-9999 -9999 -9999 -9999 -9999 -9999 -9999 -9999 -9999 -9999 0 0 11 11 0 35 1 14 14 14 3 14 4 0 10 10 10 10 10 10 10 10 10 0 0 0 0 10 10 10 10 10 10 10 10 10 10 10 10 10 10 10 10 10 10 10 10 10 10 10 0 10 10 10 0 0 31 0 11 11 4 0 0 5 0 5 5 5 5 0 0 0 5 5 5 5 5
-9999 -9999 -9999 -9999 -9999 -9999 -9999 -9999 -9999 -9999 -9999 -9999 -9999 38 8 0 33 14 0 10 0 4 4 13 10 10 10 10 10 10 10 0 10 0 0 12 0 0 10 10 10 10 10 10 10 10 10 10 10 10 10 10 10 10 10 10 10 10 10 10 10 10 10 0 0 0 31 31 11 11 0 5 5 5 5 0 5 5 0 5 5 5 5 5 0 0 0
-9999 -9999 -9999 -9999 -9999 -9999 -9999 -9999 -9999 -9999 -9999 -9999 -9999 14 30 30 0 0 14 10 0 0 0 0 10 10 10 10 10 10 0 10 10 10 0 0 0 10 10 10 10 10 10 10 10 10 10 10 10 10 10 10 10 10 10 10 10 10 10 10 10 0 10 10 0 3 31 15 11 0 5 5 0 0 5 5 5 5 5 5 5 0 5 5 5 0 0
-9999 -9999 -9999 -9999 -9999 -9999 -9999 -9999 -9999 -9999 -9999 -9999 -9999 30 19 3 19 0 10 10 0 0 0 8 16 0 0 0 0 28 10 10 0 0 10 10 10 10 10 0 10 10 10 10 10 0 10 10 10 10 10 10 10 10 10 10 10 10 10 10 10 0 10 0 0 14 0 0 34 0 12 12 0 0 5 5 0 0 0 5 0 26 0 0 0 0 19
-9999 -9999 -9999 -9999 -9999 -9999 -9999 -9999 -9999 -9999 -9999 -9999 0 0 19 19 0 10 10 10 10 0 0 0 0 0 0 0 13 0 0 0 10 10 10 10 10 10 10 10 10 10 10 10 10 10 0 0 0 10 10 10 10 10 10 10 10 0 10 0 10 0 0 3 0 0 10 0 0 32 0 7 5 5 5 0 3 0 0 5 5 0 0 36 36 0 5
-9999 -9999 -9999 -9999 -9999 -9999 -9999 -9999 -9999 -9999 3 0 8 0 9 0 11 10 10 10 10 10 0 0 3 4 10 0 0 0 10 10 10 10 10 0 10 10 10 10 10 10 10 10 10 10 10 0 10 10 10 10 10 10 10 10 10 10 10 0 10 10 10 0 10 0 10 0 0 12 29 29 0 0 0 3 3 0 0 5 22 0 7 7 0 2 7
-9999 -9999 -9999 -9999 -9999 -9999 -9999 8 8 0 0 0 0 0 0 0 0 10 10 10 10 10 0 10 0 10 10 0 10 10 10 0 10 10 0 0 10 10 0 0 10 10 10 13 0 0 10 0 10 10 10 10 10 10 10 10 10 10 10 0 0 10 10 10 10 10 10 10 10 12 29 4 4 15 15 3 0 0 0 5 0 7 0 18 18 0 5
-9999 -9999 -9999 -9999 -9999 -9999 1 0 8 8 8 8 0 10 10 0 10 10 10 10 10 10 10 10 0 10 10 10 0 0 10 0 10 10 10 0 10 10 0 32 0 0 10 0 0 10 10 10 10 10 0 10 10 10 10 10 10 10 0 10 10 10 10 10 10 0 10 10 10 12 0 13 0 14 11 3 0 8 8 0 13 0 6 0 0 0 5
-9999 -9999 -9999 -9999 0 1 0 0 8 0 8 8 8 0 10 0 10 1 10 0 10 10 0 10 10 10 10 9 0 10 10 10 10 10 10 10 10 10 0 10 0 7 10 0 0 10 14 10 10 5 0 0 0 10 0 0 10 10 10 10 0 10 0 0 10 10 10 10 10 10 10 0 0 14 11 3 0 8 8 0 0 2 0 0 29 0 5
-9999 -9999 -9999 -9999 -9999 1 1 0 0 8 8 8 0 10 10 10 0 10 0 0 0 10 10 0 10 10 10 0 10 10 10 10 10 10 10 10 17 10 0 10 10 10 10 10 10 10 10 10 0 9 34 0 0 10 10 10 10 10 10 10 10 10 10 10 10 10 13 0 10 0 0 11 0 0 0 0 8 8 8 0 0 0 9 12 0 0 5
-9999 -9999 -9999 -9999 -9999 0 0 5 18 18 0 8 8 0 10 10 10 10 10 10 10 10 0 0 0 10 10 10 10 10 10 0 10 10 10 10 28 28 0 0 0 10 10 10 0 10 10 10 0 10 34 0 10 10 0 0 10 10 10 10 10 10 10 10 10 10 10 0 0 0 0 16 34 0 16 0 8 15 0 14 19 7 9 0 0 5 5
-9999 -9999 -9999 -9999 -9999 -9999 0 0 18 18 0 0 0 1 10 10 10 10 10 0 10 10 19 0 10 10 10 10 10 10 0 7 0 10 10 0 5 28 0 14 7 0 0 10 10 10 10 0 0 10 0 10 10 10 0 10 10 10 10 0 10 0 0 10 10 10 0 0 0 0 8 0 16 5 18 0 14 15 0 0 7 7 3 3 3 5 5
-9999 -9999 -9999 -9999 -9999 -9999 0 28 11 11 11 21 0 1 10 10 10 10 10 0 0 10 0 0 10 0 10 10 10 10 0 0 7 11 11 0 7 0 0 14 7 0 0 10 10 10 0 0 10 10 10 10 12 0 14 0 10 10 10 10 0 0 4 0 0 10 0 0 0 8 8 8 0 0 0 0 14 14 13 13 0 7 0 3 0 0 5
-9999 -9999 -9999 -9999 -9999 -9999 -9999 -9999 -9999 0 3 3 0 0 10 0 0 0 10 0 0 10 10 10 0 0 0 10 0 10 0 27 0 1 4 0 0 0 6 6 0 10 10 10 10 0 0 0 10 10 10 12 0 36 0 10 10 10 10 10 10 10 0 10 10 0 0 8 8 8 8 15 8 0 15 0 14 0 6 13 0 7 3 3 3 11 0
-9999 -9999 -9999 -9999 -9999 -9999 -9999 -9999 -9999 -9999 -9999 0 1 1 10 10 10 10 0 10 10 10 10 10 0 13 10 10 10 0 7 6 28 28 0 0 0 32 0 14 0 10 10 10 0 0 0 10 10 10 0 14 0 0 10 10 10 10 10 10 10 10 10 5 0 0 0 8 8 0 0 8 8 0 15 0 14 14 14 0 16 16 0 0 11 0 0
-9999 -9999 -9999 -9999 -9999 -9999 -9999 -9999 -9999 -9999 -9999 0 36 10 10 1 0 0 10 10 10 10 10 0 0 12 0 0 0 0 7 7 0 28 0 0 0 10 11 9 0 2 15 0 0 0 10 10 10 10 10 9 9 9 17 0 10 10 10 10 10 10 10 10 10 10 10 9 8 8 8 8 8 8 0 0 14 14 0 0 16 16 28 0 0 0 6
-9999 0 1 0 -9999 -9999 -9999 -9999 -9999 -9999 -9999 1 0 10 0 0 15 15 10 10 10 10 10 10 10 10 0 0 0 0 7 0 0 0 1 1 0 0 26 0 2 0 15 0 0 10 10 10 0 0 0 0 9 9 14 10 0 0 10 10 10 10 10 10 10 10 0 9 0 0 8 8 8 0 0 7 5 0 7 10 10 0 28 0 0 0 0
0 1 1 0 11 0 8 -9999 -9999 -9999 31 0 15 15 15 0 0 10 10 0 10 0 10 10 9 35 0 0 0 9 19 0 1 0 1 1 0 2 0 0 2 12 15 0 0 10 10 10 0 0 0 18 0 8 0 0 4 0 10 10 10 0 0 0 10 10 10 0 0 0 0 8 0 0 0 0 7 0 0 10 0 0 0 0 14 0 0
0 10 10 10 0 0 8 0 2 0 0 0 4 0 0 5 7 10 10 10 0 10 10 15 10 10 0 14 14 9 19 1 1 1 1 0 14 0 15 20 12 0 15 0 0 0 10 10 10 10 10 0 18 18 10 10 10 10 10 10 10 10 10 10 10 10 10 10 10 19 0 0 0 11 0 14 0 0 0 0 7 0 14 14 14 14 0
4 0 0 0 13 12 0 15 0 10 4 4 0 15 5 5 9 0 11 10 10 10 10 10 10 10 10 0 0 28 19 1 1 1 1 0 0 4 20 20 20 9 0 0 0 0 10 10 0 10 10 0 8 0 0 0 0 0 10 10 10 10 10 10 10 10 0 0 0 9 5 11 9 0 0 0 14 14 14 14 14 14 14 0 14 14 16
10 10 0 0 0 12 9 9 0 35 35 0 10 0 0 5 5 13 0 38 0 0 0 10 0 10 10 0 0 0 0 7 0 1 1 1 20 20 20 13 0 5 0 0 19 5 0 0 0 0 10 0 8 0 21 4 8 10 10 10 10 10 0 0 10 10 0 0 1 0 0 0 9 11 0 0 0 0 14 0 14 0 5 34 10 0 15
17 0 13 5 0 0 0 9 9 0 11 11 10 0 5 0 13 0 21 11 11 0 10 10 0 35 4 0 0 29 0 0 1 1 1 0 13 13 0 0 0 5 5 5 5 5 5 0 0 0 10 0 8 8 0 8 8 8 0 10 10 10 10 10 0 0 0 0 1 1 0 0 0 0 13 0 0 10 0 13 5 0 0 0 15 0 0
4 16 0 5 0 9 9 9 22 22 11 32 0 14 0 6 0 13 21 0 23 0 0 10 10 0 11 11 11 0 0 19 0 1 17 0 1 0 5 0 5 5 5 0 5 5 0 0 0 10 10 0 8 8 0 18 8 8 0 10 10 10 10 10 10 0 12 12 0 1 0 2 0 2 13 13 0 10 0 0 0 5 13 1 1 10 0
4 0 11 0 5 9 0 11 0 22 4 0 4 38 1 0 38 13 0 0 17 0 12 0 0 11 0 11 11 11 19 19 0 0 14 13 0 5 5 0 0 5 5 5 5 5 0 0 8 0 10 10 0 18 8 8 8 0 11 0 0 0 10 10 10 0 12 12 12 0 0 0 13 2 13 13 13 19 3 7 0 8 0 1 11 11 11
0 24 0 0 33 0 7 0 0 22 4 31 0 38 38 0 38 13 13 0 11 0 0 0 0 11 11 11 11 36 0 13 13 14 14 5 0 2 2 0 5 5 5 5 0 1 4 4 0 10 10 0 8 8 8 12 12 3 19 0 9 9 0 0 0 6 19 12 19 0 0 13 13 13 13 19 0 14 3 0 3 0 0 1 11 11 11
1 4 9 8 0 12 12 0 7 0 16 31 0 38 38 38 38 38 0 0 1 0 0 11 0 11 0 11 0 9 0 10 13 33 0 0 5 0 5 5 5 5 5 5 5 5 0 4 0 10 0 8 8 8 0 0 0 0 0 0 9 9 9 0 0 0 0 0 0 3 10 13 13 13 13 0 15 0 0 11 3 0 0 0 0 0 0
3 3 0 18 12 12 0 0 0 11 11 0 0 0 38 0 12 0 13 1 1 11 6 11 0 0 12 0 0 0 0 0 8 4 4 0 14 14 0 0 5 5 0 5 0 0 9 0 18 18 0 0 8 8 0 0 0 19 0 9 9 9 0 0 0 0 0 13 0 19 13 13 13 0 13 0 0 0 0 0 0 3 0 0 0 0 0
