input/GreatBarrier/Landscape_data/nlm_colonised_time.asc
NCOLS 800
NROWS 800
XLLCORNER 1797000.0
YLLCORNER 5972000.0
CELLSIZE 50.0
NODATA_VALUE -9999.0
[rows 468 to 506 of 800, columns 435 to 521 of 800]
0 3 0 18 5 0 14 14 14 14 0 0 14 14 14 14 14 14 14 14 14 14 14 14 14 14 14 14 14 17 30 14 11 11 11 11 16 13 13 0 0 0 0 4 4 4 0 4 4 3 4 4 4 4 4 4 4 4 11 3 0 0 0 0 0 0 17 1 11 0 0 10 0 6 28 0 0 0 0 0 0 0 0 0 0 0 0
14 14 0 14 0 14 14 14 0 14 14 0 14 0 14 0 14 14 14 14 14 14 14 14 14 14 14 14 14 0 14 10 0 0 17 0 16 13 13 13 0 4 4 4 4 4 4 0 0 0 0 0 4 4 0 0 0 0 10 0 23 0 27 27 9 0 0 2 0 0 5 6 6 6 0 0 1 1 0 0 13 0 0 0 26 0 10
14 14 14 14 0 0 0 0 34 11 14 14 0 0 0 14 14 14 14 14 14 14 0 14 14 14 14 14 14 14 34 0 9 33 0 13 0 13 13 13 0 4 4 4 4 4 4 0 0 4 4 0 4 4 0 5 0 0 0 23 23 0 0 0 14 0 0 2 9 0 8 0 0 0 17 0 1 23 8 22 0 1 0 28 0 0 -9999
0 14 0 14 14 14 0 0 0 0 0 24 0 20 0 14 14 14 0 14 14 14 14 14 14 0 14 14 14 0 0 8 9 0 0 13 13 13 0 13 0 0 4 4 4 4 4 4 4 4 4 0 4 4 4 0 0 7 5 0 13 13 13 13 0 0 13 14 2 2 0 0 37 17 2 0 0 0 0 22 22 19 0 0 0 -9999 -9999
14 14 0 14 14 14 0 14 14 14 14 0 0 6 0 0 14 0 0 14 0 0 14 14 0 14 14 0 0 4 18 0 0 36 13 13 13 0 13 13 13 0 0 4 4 0 0 4 0 0 4 4 4 4 4 4 0 19 2 2 13 0 13 13 13 9 1 14 0 0 1 16 17 0 2 0 30 30 13 22 0 13 0 16 -9999 -9999 -9999
14 14 14 14 14 0 14 14 14 14 14 14 14 0 14 14 0 0 0 0 0 0 0 14 14 0 14 14 4 8 0 0 0 0 13 13 11 13 13 0 0 0 0 4 8 8 0 0 0 3 0 4 4 4 4 7 0 2 2 9 10 0 0 3 0 0 1 14 0 0 0 0 17 0 0 7 7 0 3 0 8 0 0 -9999 -9999 -9999 -9999
0 14 0 14 14 0 14 14 14 14 14 14 14 0 14 2 14 0 3 0 0 4 0 0 0 0 0 14 0 4 4 14 0 0 0 0 0 10 0 29 29 9 0 0 2 2 0 0 0 0 0 4 0 4 4 4 19 2 2 9 0 36 3 3 0 0 10 5 9 0 39 17 17 11 0 7 6 3 3 3 0 9 -9999 -9999 -9999 -9999 -9999
0 0 14 14 14 14 14 14 14 14 14 0 14 14 14 0 14 0 0 14 0 0 2 0 4 0 0 14 14 14 14 14 0 0 32 32 32 0 0 0 29 9 28 13 0 12 4 0 0 9 0 4 4 4 4 4 0 0 3 3 3 10 0 3 9 2 2 18 9 0 14 6 0 0 0 6 6 3 3 0 0 -9999 -9999 -9999 -9999 -9999 -9999
14 14 14 14 0 14 14 14 14 14 14 0 14 14 14 14 14 14 14 14 0 0 2 2 0 0 0 14 14 14 10 14 32 32 32 32 1 10 19 0 0 0 28 0 0 11 17 0 0 9 9 0 4 0 4 0 1 0 0 3 0 0 3 3 9 0 9 7 0 9 0 6 6 2 0 0 24 3 3 0 14 -9999 -9999 -9999 -9999 -9999 -9999
14 14 0 14 14 14 14 14 14 0 0 14 14 14 14 14 14 14 14 0 0 11 0 2 2 0 14 14 14 14 0 0 10 0 0 32 0 8 16 12 14 0 0 9 16 16 0 0 9 0 0 0 4 4 0 0 1 0 0 3 3 3 3 3 3 3 3 7 12 9 9 12 0 24 24 24 24 9 0 -9999 -9999 -9999 -9999 -9999 -9999 -9999 -9999
14 14 14 14 14 0 14 14 14 14 0 14 14 0 14 14 14 14 0 0 2 0 0 2 2 0 0 14 5 5 3 0 0 0 9 7 2 0 16 6 6 9 0 9 0 39 39 1 0 22 22 16 0 0 0 6 0 10 0 0 0 3 3 3 0 3 3 9 0 0 9 0 0 0 24 12 0 0 9 -9999 -9999 -9999 -9999 -9999 -9999 -9999 -9999
14 14 14 14 14 14 14 14 14 14 14 14 0 9 0 37 0 14 0 32 0 14 2 2 2 11 0 11 0 10 4 0 2 13 2 2 2 14 16 0 9 9 9 16 0 0 0 21 0 22 0 8 0 16 0 6 0 0 0 34 4 3 3 3 0 3 3 9 0 0 0 3 0 24 24 10 9 0 -9999 -9999 -9999 -9999 -9999 -9999 -9999 -9999 -9999
14 14 14 14 0 0 0 0 14 14 14 14 0 0 1 37 12 0 0 0 0 2 8 2 2 2 2 11 0 0 0 0 2 2 2 0 9 14 0 0 9 7 9 0 16 0 0 0 25 0 3 8 8 11 11 14 0 10 10 0 0 3 7 0 0 0 0 5 5 5 0 0 0 24 24 0 9 0 -9999 -9999 -9999 -9999 -9999 -9999 -9999 -9999 -9999
14 14 14 14 14 14 14 14 0 0 14 14 0 11 0 37 37 8 19 13 2 2 2 2 2 0 0 0 25 25 0 0 1 6 2 0 0 27 14 15 0 7 0 0 24 3 3 0 0 5 3 8 0 36 0 4 0 0 0 0 0 0 0 0 0 5 5 0 0 33 0 0 24 13 13 13 33 0 -9999 -9999 -9999 -9999 -9999 -9999 -9999 -9999 -9999
14 14 14 14 14 0 14 14 0 14 0 14 0 11 0 1 37 37 0 12 0 0 0 0 2 2 4 0 0 0 10 0 0 7 0 27 27 27 14 14 0 39 0 0 0 0 19 3 19 5 3 0 3 0 1 0 12 0 0 0 8 0 0 0 16 0 5 5 0 7 2 19 15 3 33 33 33 33 -9999 -9999 -9999 -9999 -9999 -9999 -9999 -9999 -9999
14 0 14 0 14 14 14 14 0 14 14 14 14 0 14 0 37 37 0 0 6 0 0 33 0 0 16 0 3 0 13 13 0 0 5 0 11 0 6 6 6 0 0 0 0 19 19 19 19 18 9 3 0 7 1 0 0 19 0 0 12 0 6 39 0 16 5 35 12 0 2 19 19 0 2 0 0 0 -9999 -9999 -9999 -9999 -9999 -9999 -9999 -9999 -9999
14 14 0 0 14 14 14 14 14 14 14 14 14 0 14 0 10 0 6 6 39 39 39 9 5 0 0 10 0 6 0 0 14 14 0 0 15 33 12 6 6 6 6 0 17 19 1 0 26 0 9 0 33 7 1 0 0 19 0 2 12 0 26 2 16 8 9 35 35 35 0 19 0 36 36 36 7 0 -9999 -9999 -9999 -9999 -9999 -9999 -9999 -9999 -9999
14 14 0 0 14 14 14 14 0 14 14 0 14 14 14 14 12 8 8 8 0 18 0 0 5 9 2 0 30 0 0 14 14 14 14 0 0 0 0 6 0 0 0 22 22 19 1 1 0 0 9 0 7 7 7 7 0 0 0 14 14 0 0 6 6 0 35 35 0 0 0 13 21 5 36 36 0 0 -9999 -9999 -9999 -9999 -9999 -9999 -9999 -9999 -9999
14 14 14 14 14 14 14 0 0 0 0 14 32 0 0 16 0 8 0 0 7 11 0 12 3 3 2 13 0 0 14 14 14 14 14 0 15 5 1 6 6 6 0 0 7 19 1 1 5 8 8 29 0 0 0 7 14 0 22 14 14 2 2 15 0 0 1 0 18 0 0 12 0 0 36 0 10 0 -9999 -9999 -9999 -9999 -9999 -9999 -9999 -9999 -9999
0 0 14 14 14 14 14 14 0 14 14 0 0 0 0 18 16 16 0 0 0 7 7 0 17 0 17 17 0 14 0 0 14 14 0 4 0 37 15 0 6 9 9 12 9 9 9 0 5 7 0 7 0 1 1 7 7 0 22 22 14 2 2 0 5 10 2 0 26 26 26 0 29 29 0 0 0 18 -9999 -9999 -9999 -9999 -9999 -9999 -9999 -9999 -9999
0 0 14 14 14 14 14 14 0 0 14 9 0 0 0 0 0 0 14 14 14 0 5 17 0 0 0 18 14 0 0 0 14 0 15 0 27 11 0 7 10 35 0 0 0 6 0 5 5 0 0 11 0 2 2 0 15 15 0 22 22 0 2 0 0 2 2 4 0 26 17 0 13 29 10 0 0 0 -9999 -9999 -9999 -9999 -9999 -9999 -9999 -9999 -9999
0 25 14 0 14 0 14 14 14 14 14 0 0 14 14 14 0 14 14 14 14 0 3 0 14 0 16 14 14 14 0 0 14 14 14 14 2 6 0 10 0 0 19 19 19 19 0 5 0 8 9 0 8 7 0 0 0 0 14 0 18 18 18 0 0 2 14 26 26 26 26 4 0 0 0 0 10 0 -9999 -9999 -9999 -9999 -9999 -9999 -9999 -9999 -9999
0 9 3 0 0 0 14 14 14 14 0 9 6 9 0 14 14 14 14 14 0 14 14 14 14 14 0 14 14 14 0 14 14 14 14 14 6 6 6 0 0 0 0 16 16 19 19 19 0 14 9 9 0 2 2 0 31 19 0 36 0 18 16 0 24 0 26 26 26 0 4 4 0 0 0 8 8 -9999 -9999 -9999 -9999 -9999 -9999 -9999 -9999 -9999 -9999
0 14 14 0 9 0 14 14 14 14 0 0 0 0 0 0 0 0 14 14 0 14 14 14 14 14 14 14 14 0 0 14 14 14 14 14 0 0 6 0 18 6 5 0 16 19 0 0 19 12 9 0 1 5 2 0 19 0 21 0 0 7 0 0 0 18 0 0 26 13 4 4 0 0 2 13 0 -9999 -9999 -9999 -9999 -9999 -9999 -9999 -9999 -9999 -9999
14 14 0 0 0 0 0 14 14 14 0 14 14 0 0 0 14 14 14 14 0 0 14 14 14 14 14 14 14 19 0 14 14 14 14 14 14 13 6 0 18 0 0 16 8 0 0 0 0 9 0 4 1 1 16 0 19 0 0 18 0 7 0 3 3 0 29 29 0 34 17 0 10 18 2 2 -9999 -9999 -9999 -9999 -9999 -9999 -9999 -9999 -9999 -9999 -9999
14 14 0 14 0 14 14 14 14 14 14 14 0 14 0 0 14 0 14 14 0 0 0 14 14 14 14 14 14 14 14 14 0 14 14 0 0 26 0 26 0 0 33 33 0 17 0 34 0 37 0 4 0 1 4 32 32 0 18 18 0 7 0 0 3 0 29 0 3 0 0 0 10 0 0 0 -9999 -9999 -9999 -9999 -9999 -9999 -9999 -9999 -9999 -9999 -9999
0 14 14 14 14 14 14 0 14 14 14 14 14 14 14 14 14 14 14 14 0 0 14 14 14 14 0 14 14 14 14 14 0 2 14 0 0 10 10 10 0 0 33 0 8 17 0 0 0 0 4 4 4 0 0 0 0 32 4 0 0 7 12 12 0 18 0 0 3 1 5 0 4 14 14 0 -9999 -9999 -9999 -9999 -9999 -9999 -9999 -9999 -9999 -9999 -9999
9 0 14 14 14 14 0 0 14 14 14 14 14 14 0 14 0 14 14 14 14 14 0 14 14 0 14 14 14 14 14 14 0 0 0 5 0 10 0 0 10 0 33 0 0 17 0 10 0 14 0 4 4 4 4 22 22 0 0 0 0 0 0 0 10 14 28 0 3 0 0 0 4 14 14 0 -9999 -9999 -9999 -9999 -9999 -9999 -9999 -9999 -9999 -9999 -9999
0 0 0 14 14 0 14 14 14 14 14 14 0 14 14 14 14 14 14 14 0 8 14 14 0 14 0 0 0 0 14 0 2 2 2 0 0 12 10 0 10 0 0 0 0 0 17 17 26 0 0 0 0 4 0 0 22 22 22 22 22 0 0 16 0 14 0 24 24 0 6 4 2 14 14 10 10 -9999 -9999 -9999 -9999 -9999 -9999 -9999 -9999 -9999 -9999
14 0 14 14 14 14 14 14 14 14 14 14 14 14 14 0 14 0 0 14 0 0 14 14 14 14 14 14 0 0 14 0 2 2 18 2 0 0 1 0 10 37 0 0 0 0 14 14 0 0 0 1 0 0 0 3 0 1 14 0 0 0 12 0 0 37 0 0 5 5 0 4 2 14 11 10 17 -9999 -9999 -9999 -9999 -9999 -9999 -9999 -9999 -9999 -9999
14 14 14 14 14 14 14 14 14 14 0 0 0 14 14 0 14 14 0 14 14 14 0 14 14 14 14 14 0 0 0 2 2 2 2 2 8 8 0 10 10 0 0 0 0 0 18 18 18 18 18 0 22 0 29 29 0 16 0 9 9 0 0 7 0 0 27 6 0 5 5 0 0 0 11 0 12 -9999 -9999 -9999 -9999 -9999 -9999 -9999 -9999 -9999 -9999
14 0 0 0 14 14 14 14 14 14 14 0 14 14 14 14 0 0 0 14 14 14 14 14 14 14 14 0 0 0 6 0 2 0 2 0 0 8 17 0 10 10 13 13 -9999 -9999 18 0 18 16 0 16 16 16 16 0 16 3 0 2 2 2 7 0 5 5 0 4 0 0 3 0 0 23 23 0 12 -9999 -9999 -9999 -9999 -9999 -9999 -9999 -9999 -9999 -9999
0 0 3 0 0 14 14 14 14 0 0 0 14 14 14 14 5 0 14 14 14 14 14 14 14 14 0 0 0 13 0 0 0 2 2 2 2 2 17 6 6 0 33 0 -9999 -9999 0 0 18 19 14 0 16 10 16 16 0 3 1 11 0 9 0 32 0 5 0 6 0 9 3 3 8 2 23 23 0 -9999 -9999 -9999 -9999 -9999 -9999 -9999 -9999 -9999 -9999
3 3 3 0 14 14 14 0 0 14 14 14 14 14 0 0 0 0 14 14 14 14 14 14 14 14 16 5 6 13 2 2 2 2 0 2 2 2 2 0 0 10 33 33 33 0 0 0 18 0 14 8 16 16 16 16 0 0 1 5 14 14 18 4 0 0 10 0 14 9 0 3 3 13 0 0 12 -9999 -9999 -9999 -9999 -9999 -9999 -9999 -9999 -9999 -9999
0 3 3 0 14 14 0 0 0 14 14 14 14 14 14 0 0 14 14 14 14 14 14 14 14 14 0 0 0 0 2 0 2 2 0 0 0 2 2 0 0 10 0 0 0 0 1 0 0 12 9 9 0 16 0 0 18 0 0 0 0 14 14 14 0 0 10 0 14 15 15 3 3 18 0 0 12 -9999 -9999 -9999 -9999 -9999 -9999 -9999 -9999 -9999 -9999
3 3 3 0 0 14 14 0 0 14 14 14 0 0 0 0 14 14 14 14 14 14 14 0 14 0 14 1 0 14 2 2 2 2 0 2 2 2 2 31 31 0 0 1 0 0 1 0 18 0 9 22 11 11 35 0 18 0 1 0 0 14 34 0 14 0 10 12 0 0 0 15 0 0 0 11 0 -9999 -9999 -9999 -9999 -9999 -9999 -9999 -9999 -9999 -9999
3 3 0 0 0 14 14 14 0 0 14 0 0 0 0 0 14 14 14 14 14 14 14 0 14 14 14 14 14 14 0 2 2 2 2 0 0 2 2 19 0 0 0 2 3 0 0 10 3 0 3 3 0 0 8 15 15 15 0 21 0 0 0 14 0 0 10 0 11 15 0 0 2 2 2 11 4 -9999 -9999 -9999 -9999 -9999 -9999 -9999 -9999 -9999 -9999
3 0 1 1 4 4 0 14 7 0 7 0 0 12 14 0 14 0 0 14 14 0 0 0 14 14 14 14 14 14 14 0 0 0 2 11 0 0 30 0 3 0 0 0 0 1 7 10 3 3 3 0 3 3 0 9 15 15 15 0 9 6 0 0 0 0 0 0 11 0 10 0 2 0 0 8 0 -9999 -9999 -9999 -9999 -9999 -9999 -9999 -9999 -9999 -9999
3 0 0 17 4 0 0 0 0 0 6 0 0 14 14 14 14 14 0 14 0 14 0 0 0 14 14 14 14 16 14 0 1 0 2 2 2 17 0 0 3 0 30 0 0 11 7 0 3 3 3 3 3 3 3 0 0 0 0 38 38 0 14 0 0 14 0 2 11 8 2 2 2 0 0 12 35 0 -9999 -9999 -9999 -9999 -9999 -9999 -9999 -9999 -9999
